;Vector Pattern
radix 111111111111111111111111111111111111111111111111111111111111111111111111111111111111111111111111111111111111111111111111111111111
vname C[[128:0]]
io    iiiiiiiiiiiiiiiiiiiiiiiiiiiiiiiiiiiiiiiiiiiiiiiiiiiiiiiiiiiiiiiiiiiiiiiiiiiiiiiiiiiiiiiiiiiiiiiiiiiiiiiiiiiiiiiiiiiiiiiiiiiiiiiii

;Time unit and input rise/fall time
tunit ns
trise 0.1
tfall 0.1

;Speficy logic high and logic low
vih   1.8
vil   0.0

;Input Patterns
0    000000000000000000000000000000000000000000000000000000000000000000000000000000000000000000000000000000000000000000000000000000000
50   000000000000000000000000000000000000000000000000000000000000000000000000000000000000000000000000000000000000000000000000000000001
100  000000000000000000000000000000000000000000000000000000000000000000000000000000000000000000000000000000000000000000000000000000011
150  000000000000000000000000000000000000000000000000000000000000000000000000000000000000000000000000000000000000000000000000000000111
200  000000000000000000000000000000000000000000000000000000000000000000000000000000000000000000000000000000000000000000000000000001111
250  000000000000000000000000000000000000000000000000000000000000000000000000000000000000000000000000000000000000000000000000000011111
300  000000000000000000000000000000000000000000000000000000000000000000000000000000000000000000000000000000000000000000000000000111111
350  000000000000000000000000000000000000000000000000000000000000000000000000000000000000000000000000000000000000000000000000001111111
400  000000000000000000000000000000000000000000000000000000000000000000000000000000000000000000000000000000000000000000000000011111111
450  000000000000000000000000000000000000000000000000000000000000000000000000000000000000000000000000000000000000000000000000111111111
500  000000000000000000000000000000000000000000000000000000000000000000000000000000000000000000000000000000000000000000000001111111111
550  000000000000000000000000000000000000000000000000000000000000000000000000000000000000000000000000000000000000000000000011111111111
600  000000000000000000000000000000000000000000000000000000000000000000000000000000000000000000000000000000000000000000000111111111111
650  000000000000000000000000000000000000000000000000000000000000000000000000000000000000000000000000000000000000000000001111111111111
700  000000000000000000000000000000000000000000000000000000000000000000000000000000000000000000000000000000000000000000011111111111111
750  000000000000000000000000000000000000000000000000000000000000000000000000000000000000000000000000000000000000000000111111111111111
800  000000000000000000000000000000000000000000000000000000000000000000000000000000000000000000000000000000000000000001111111111111111
850  000000000000000000000000000000000000000000000000000000000000000000000000000000000000000000000000000000000000000011111111111111111
900  000000000000000000000000000000000000000000000000000000000000000000000000000000000000000000000000000000000000000111111111111111111
950  000000000000000000000000000000000000000000000000000000000000000000000000000000000000000000000000000000000000001111111111111111111
1000 000000000000000000000000000000000000000000000000000000000000000000000000000000000000000000000000000000000000011111111111111111111
1050 000000000000000000000000000000000000000000000000000000000000000000000000000000000000000000000000000000000000111111111111111111111
1100 000000000000000000000000000000000000000000000000000000000000000000000000000000000000000000000000000000000001111111111111111111111
1150 000000000000000000000000000000000000000000000000000000000000000000000000000000000000000000000000000000000011111111111111111111111
1200 000000000000000000000000000000000000000000000000000000000000000000000000000000000000000000000000000000000111111111111111111111111
1250 000000000000000000000000000000000000000000000000000000000000000000000000000000000000000000000000000000001111111111111111111111111
1300 000000000000000000000000000000000000000000000000000000000000000000000000000000000000000000000000000000011111111111111111111111111
1350 000000000000000000000000000000000000000000000000000000000000000000000000000000000000000000000000000000111111111111111111111111111
1400 000000000000000000000000000000000000000000000000000000000000000000000000000000000000000000000000000001111111111111111111111111111
1450 000000000000000000000000000000000000000000000000000000000000000000000000000000000000000000000000000011111111111111111111111111111
1500 000000000000000000000000000000000000000000000000000000000000000000000000000000000000000000000000000111111111111111111111111111111
1550 000000000000000000000000000000000000000000000000000000000000000000000000000000000000000000000000001111111111111111111111111111111
1600 000000000000000000000000000000000000000000000000000000000000000000000000000000000000000000000000011111111111111111111111111111111
1650 000000000000000000000000000000000000000000000000000000000000000000000000000000000000000000000000111111111111111111111111111111111
1700 000000000000000000000000000000000000000000000000000000000000000000000000000000000000000000000001111111111111111111111111111111111
1750 000000000000000000000000000000000000000000000000000000000000000000000000000000000000000000000011111111111111111111111111111111111
1800 000000000000000000000000000000000000000000000000000000000000000000000000000000000000000000000111111111111111111111111111111111111
1850 000000000000000000000000000000000000000000000000000000000000000000000000000000000000000000001111111111111111111111111111111111111
1900 000000000000000000000000000000000000000000000000000000000000000000000000000000000000000000011111111111111111111111111111111111111
1950 000000000000000000000000000000000000000000000000000000000000000000000000000000000000000000111111111111111111111111111111111111111
2000 000000000000000000000000000000000000000000000000000000000000000000000000000000000000000001111111111111111111111111111111111111111
2050 000000000000000000000000000000000000000000000000000000000000000000000000000000000000000011111111111111111111111111111111111111111
2100 000000000000000000000000000000000000000000000000000000000000000000000000000000000000000111111111111111111111111111111111111111111
2150 000000000000000000000000000000000000000000000000000000000000000000000000000000000000001111111111111111111111111111111111111111111
2200 000000000000000000000000000000000000000000000000000000000000000000000000000000000000011111111111111111111111111111111111111111111
2250 000000000000000000000000000000000000000000000000000000000000000000000000000000000000111111111111111111111111111111111111111111111
2300 000000000000000000000000000000000000000000000000000000000000000000000000000000000001111111111111111111111111111111111111111111111
2350 000000000000000000000000000000000000000000000000000000000000000000000000000000000011111111111111111111111111111111111111111111111
2400 000000000000000000000000000000000000000000000000000000000000000000000000000000000111111111111111111111111111111111111111111111111
2450 000000000000000000000000000000000000000000000000000000000000000000000000000000001111111111111111111111111111111111111111111111111
2500 000000000000000000000000000000000000000000000000000000000000000000000000000000011111111111111111111111111111111111111111111111111
2550 000000000000000000000000000000000000000000000000000000000000000000000000000000111111111111111111111111111111111111111111111111111
2600 000000000000000000000000000000000000000000000000000000000000000000000000000001111111111111111111111111111111111111111111111111111
2650 000000000000000000000000000000000000000000000000000000000000000000000000000011111111111111111111111111111111111111111111111111111
2700 000000000000000000000000000000000000000000000000000000000000000000000000000111111111111111111111111111111111111111111111111111111
2750 000000000000000000000000000000000000000000000000000000000000000000000000001111111111111111111111111111111111111111111111111111111
2800 000000000000000000000000000000000000000000000000000000000000000000000000011111111111111111111111111111111111111111111111111111111
2850 000000000000000000000000000000000000000000000000000000000000000000000000111111111111111111111111111111111111111111111111111111111
2900 000000000000000000000000000000000000000000000000000000000000000000000001111111111111111111111111111111111111111111111111111111111
2950 000000000000000000000000000000000000000000000000000000000000000000000011111111111111111111111111111111111111111111111111111111111
3000 000000000000000000000000000000000000000000000000000000000000000000000111111111111111111111111111111111111111111111111111111111111
3050 000000000000000000000000000000000000000000000000000000000000000000001111111111111111111111111111111111111111111111111111111111111
3100 000000000000000000000000000000000000000000000000000000000000000000011111111111111111111111111111111111111111111111111111111111111
3150 000000000000000000000000000000000000000000000000000000000000000000111111111111111111111111111111111111111111111111111111111111111
3200 000000000000000000000000000000000000000000000000000000000000000001111111111111111111111111111111111111111111111111111111111111111
3250 000000000000000000000000000000000000000000000000000000000000000011111111111111111111111111111111111111111111111111111111111111111
3300 000000000000000000000000000000000000000000000000000000000000000111111111111111111111111111111111111111111111111111111111111111111
3350 000000000000000000000000000000000000000000000000000000000000001111111111111111111111111111111111111111111111111111111111111111111
3400 000000000000000000000000000000000000000000000000000000000000011111111111111111111111111111111111111111111111111111111111111111111
3450 000000000000000000000000000000000000000000000000000000000000111111111111111111111111111111111111111111111111111111111111111111111
3500 000000000000000000000000000000000000000000000000000000000001111111111111111111111111111111111111111111111111111111111111111111111
3550 000000000000000000000000000000000000000000000000000000000011111111111111111111111111111111111111111111111111111111111111111111111
3600 000000000000000000000000000000000000000000000000000000000111111111111111111111111111111111111111111111111111111111111111111111111
3650 000000000000000000000000000000000000000000000000000000001111111111111111111111111111111111111111111111111111111111111111111111111
3700 000000000000000000000000000000000000000000000000000000011111111111111111111111111111111111111111111111111111111111111111111111111
3750 000000000000000000000000000000000000000000000000000000111111111111111111111111111111111111111111111111111111111111111111111111111
3800 000000000000000000000000000000000000000000000000000001111111111111111111111111111111111111111111111111111111111111111111111111111
3850 000000000000000000000000000000000000000000000000000011111111111111111111111111111111111111111111111111111111111111111111111111111
3900 000000000000000000000000000000000000000000000000000111111111111111111111111111111111111111111111111111111111111111111111111111111
3950 000000000000000000000000000000000000000000000000001111111111111111111111111111111111111111111111111111111111111111111111111111111
4000 000000000000000000000000000000000000000000000000011111111111111111111111111111111111111111111111111111111111111111111111111111111
4050 000000000000000000000000000000000000000000000000111111111111111111111111111111111111111111111111111111111111111111111111111111111
4100 000000000000000000000000000000000000000000000001111111111111111111111111111111111111111111111111111111111111111111111111111111111
4150 000000000000000000000000000000000000000000000011111111111111111111111111111111111111111111111111111111111111111111111111111111111
4200 000000000000000000000000000000000000000000000111111111111111111111111111111111111111111111111111111111111111111111111111111111111
4250 000000000000000000000000000000000000000000001111111111111111111111111111111111111111111111111111111111111111111111111111111111111
4300 000000000000000000000000000000000000000000011111111111111111111111111111111111111111111111111111111111111111111111111111111111111
4350 000000000000000000000000000000000000000000111111111111111111111111111111111111111111111111111111111111111111111111111111111111111
4400 000000000000000000000000000000000000000001111111111111111111111111111111111111111111111111111111111111111111111111111111111111111
4450 000000000000000000000000000000000000000011111111111111111111111111111111111111111111111111111111111111111111111111111111111111111
4500 000000000000000000000000000000000000000111111111111111111111111111111111111111111111111111111111111111111111111111111111111111111
4550 000000000000000000000000000000000000001111111111111111111111111111111111111111111111111111111111111111111111111111111111111111111
4600 000000000000000000000000000000000000011111111111111111111111111111111111111111111111111111111111111111111111111111111111111111111
4650 000000000000000000000000000000000000111111111111111111111111111111111111111111111111111111111111111111111111111111111111111111111
4700 000000000000000000000000000000000001111111111111111111111111111111111111111111111111111111111111111111111111111111111111111111111
4750 000000000000000000000000000000000011111111111111111111111111111111111111111111111111111111111111111111111111111111111111111111111
4800 000000000000000000000000000000000111111111111111111111111111111111111111111111111111111111111111111111111111111111111111111111111
4850 000000000000000000000000000000001111111111111111111111111111111111111111111111111111111111111111111111111111111111111111111111111
4900 000000000000000000000000000000011111111111111111111111111111111111111111111111111111111111111111111111111111111111111111111111111
4950 000000000000000000000000000000111111111111111111111111111111111111111111111111111111111111111111111111111111111111111111111111111
5000 000000000000000000000000000001111111111111111111111111111111111111111111111111111111111111111111111111111111111111111111111111111
5050 000000000000000000000000000011111111111111111111111111111111111111111111111111111111111111111111111111111111111111111111111111111
5100 000000000000000000000000000111111111111111111111111111111111111111111111111111111111111111111111111111111111111111111111111111111
5150 000000000000000000000000001111111111111111111111111111111111111111111111111111111111111111111111111111111111111111111111111111111
5200 000000000000000000000000011111111111111111111111111111111111111111111111111111111111111111111111111111111111111111111111111111111
5250 000000000000000000000000111111111111111111111111111111111111111111111111111111111111111111111111111111111111111111111111111111111
5300 000000000000000000000001111111111111111111111111111111111111111111111111111111111111111111111111111111111111111111111111111111111
5350 000000000000000000000011111111111111111111111111111111111111111111111111111111111111111111111111111111111111111111111111111111111
5400 000000000000000000000111111111111111111111111111111111111111111111111111111111111111111111111111111111111111111111111111111111111
5450 000000000000000000001111111111111111111111111111111111111111111111111111111111111111111111111111111111111111111111111111111111111
5500 000000000000000000011111111111111111111111111111111111111111111111111111111111111111111111111111111111111111111111111111111111111
5550 000000000000000000111111111111111111111111111111111111111111111111111111111111111111111111111111111111111111111111111111111111111
5600 000000000000000001111111111111111111111111111111111111111111111111111111111111111111111111111111111111111111111111111111111111111
5650 000000000000000011111111111111111111111111111111111111111111111111111111111111111111111111111111111111111111111111111111111111111
5700 000000000000000111111111111111111111111111111111111111111111111111111111111111111111111111111111111111111111111111111111111111111
5750 000000000000001111111111111111111111111111111111111111111111111111111111111111111111111111111111111111111111111111111111111111111
5800 000000000000011111111111111111111111111111111111111111111111111111111111111111111111111111111111111111111111111111111111111111111
5850 000000000000111111111111111111111111111111111111111111111111111111111111111111111111111111111111111111111111111111111111111111111
5900 000000000001111111111111111111111111111111111111111111111111111111111111111111111111111111111111111111111111111111111111111111111
5950 000000000011111111111111111111111111111111111111111111111111111111111111111111111111111111111111111111111111111111111111111111111
6000 000000000111111111111111111111111111111111111111111111111111111111111111111111111111111111111111111111111111111111111111111111111
6050 000000001111111111111111111111111111111111111111111111111111111111111111111111111111111111111111111111111111111111111111111111111
6100 000000011111111111111111111111111111111111111111111111111111111111111111111111111111111111111111111111111111111111111111111111111
6150 000000111111111111111111111111111111111111111111111111111111111111111111111111111111111111111111111111111111111111111111111111111
6200 000001111111111111111111111111111111111111111111111111111111111111111111111111111111111111111111111111111111111111111111111111111
6250 000011111111111111111111111111111111111111111111111111111111111111111111111111111111111111111111111111111111111111111111111111111
6300 000111111111111111111111111111111111111111111111111111111111111111111111111111111111111111111111111111111111111111111111111111111
6350 001111111111111111111111111111111111111111111111111111111111111111111111111111111111111111111111111111111111111111111111111111111
6400 011111111111111111111111111111111111111111111111111111111111111111111111111111111111111111111111111111111111111111111111111111111
6450 111111111111111111111111111111111111111111111111111111111111111111111111111111111111111111111111111111111111111111111111111111111
