1.1096237852657032
0.8697409994384726
0.24191779307201586
-1.5194279400204604
0.5509873893228354
1.0021497642126587
1.4401491427565536
2.6305906136304285
-1.975683686541157
1.4981635995458766
-3.209504784200075
1.2328791103679766
-3.7043937767596518
0.06557506644748298
-0.9818196812983848
-2.1693687126122763
1.1799889392069702
-1.7156778939056425
-1.0347518775724962
-3.4687652919502865
-3.1120497568229255
-0.9399253782154505
-1.7689035095444399
1.3642834054456991
1.1694924188484908
0.7355549284000047
-2.740234402989053
0.09348792556613075
-0.4334139548904543
-0.4904781078624285
-0.5743070635422516
-2.521957430816423
1.7910475408077804
0.3965924389277162
0.9406408814640606
-3.6241513701529793
0.8545387253705896
0.8635617272327311
-0.49831607196210914
-1.3801825623653232
-1.4966916315358412
-0.11335554122541075
0.1767087613051315
0.5873665343017216
-1.2847856635384054
1.0111681396945538
-0.4154525354718104
-1.6529489964941528
-2.158695021637786
0.3276095874919684
-1.9558873708386777
-1.0426393815775283
-1.4427988737657083
-1.7627331857182398
1.6125914547562676
-2.2085585859372943
-3.8795020585835487
0.4923909500083201
1.0233774093613586
1.2480849939797696
-3.188449656971811
1.3055650169813857
-0.07548637306020077
-0.017293752351506493
0.2565444418845286
0.016898661852756135
0.3526862980409113
2.353135871702857
-1.1387236411413406
-3.0751790673101764
-0.2205341728953709
-1.6398742523054495
1.1928622216045102
-3.414287699162527
-0.5300867777254339
-0.7840203650068673
0.6682475754062727
0.8562122107656106
-0.5947640880298776
-1.2684739127225835
1.3736205320161146
-0.45940569871243486
-2.9548415189569375
-0.6130510023931963
-4.6090437208433706
3.4234368010498275
-0.9528236470769391
-1.174573605710838
0.853622418161189
0.08428035331771758
-3.5440953586727924
-0.24921737598952026
2.0440885848867163
-0.9323114126000099
0.9574709068128073
-1.2858596359549204
2.6859645943863724
0.9279778666734786
-0.7495129334413556
0.13677487624070284
-1.7765547266448594
0.12910135029051434
2.3503531312770964
-0.959357942268656
3.091166273221112
0.20194768112929012
-3.3079308022704748
0.4906338552981272
-0.05777232902490306
-1.7486851769704943
-1.4141988213991987
2.60661295656414
0.5929264097339114
-1.4595272757115287
1.3614609432515437
0.4195461783614389
-1.8680496790894876
-2.2473067300672036
1.1920764030931776
-2.2323457406958895
-0.8855677956107404
-2.0229188836104166
1.4806017016878448
0.1722738155486503
-1.3833617873360033
0.19208619284319228
-3.073549396909139
1.408076448630056
2.3868997245886554
-2.244757574439867
1.0583396785424188
-2.626146940874386
0.9882316171093422
-0.8833740102347357
0.36314424715302757
-0.16705297213974712
-0.6591432136554104
0.8610135622853375
-0.6545586427207677
1.9316075397211545
0.22557408058157566
0.46629585682291835
2.6692898492174715
-0.06451322912992961
-1.6867084234427003
1.7020268893333848
-2.0386732510845613
-0.9367185964321023
1.0853251807000213
1.142000059452986
0.4498555615568939
-3.727595481111591
0.9720020088381017
-1.3774211994803185
0.6359113866789827
0.4102361341542104
0.007238439874505525
1.542043000549718
-0.8969723445718751
3.457244152654371
-0.9072754582285383
0.18720733083918795
1.8331824781962267
-1.3495379573117687
0.07533104991787921
0.529322791563907
-0.3981451381237133
-0.45349417845909445
-1.7393831655514336
3.677505515115289
-1.5155545396689711
0.7587194342307915
-0.7222795203796468
-1.4626084340843706
2.5829817982153678
-0.9833470894815806
-0.6529005732190195
-4.296362249748649
-0.4896625068834839
0.13268378677172543
1.345617675296141
-0.3240307971534727
-0.12408353551393347
0.9368283903692569
1.698795045006075
0.19063098908005244
-1.3186947650385217
2.6554819377035823
-2.168771302156232
-1.4718847041029182
0.6988432486740375
-2.1617054406238783
2.57702255530814
-1.7875726897006592
0.18170002039372027
-0.8008594697079172
-2.4955148341413897
0.357837732033836
-3.0298010761641594
-1.975638451111084
-0.44177464226215635
0.7065235076684881
3.063404825293339
-0.6642554579816644
2.1768364743869753
-0.061262115256017574
-2.8907477444674576
-0.4385220666672963
-0.2594411121694664
1.976827038378056
-0.07277276147163597
-0.13994151411333333
1.776754683502387
-1.5252505286945799
-1.204366848675643
-0.5694610929661343
-1.4862782046418177
-0.19377355483621644
1.8588709542685065
0.6212957891559708
-0.2686979160448276
3.535944183110613
-3.0411074066139507
-0.6903754228977599
0.8635818107616513
-0.19083690848890633
1.8255337106747742
0.37842131557353786
-1.3225203332620523
-2.508409225452242
-2.8275596874529336
-0.5689249920207823
-2.1312007199027576
1.310784584860459
1.5312725435938197
-0.18575361401897475
-1.3362016185650516
0.6882339957820265
-1.1007831759378968
-1.5478762409168552
-0.02003670367412594
-1.0493914972068448
-0.21569291969366788
-1.2720472379711303
-3.59759728441918
1.0684200578890528
0.23990011936038286
-0.3091216465604776
2.5818906783478903
0.5593448904253235
-1.4210689592567611
0.2780750470129589
1.25764130163236
0.05078962855952451
1.1546100919837472
0.4550929264831377
-0.2116227389259849
-1.3183435538580643
-2.981012114622907
1.187583356236778
0.8613664303422948
-0.9001926916467988
2.0534408141402225
-2.100911516184222
-1.9731804783989744
-1.2303087908849693
-1.1058238672429512
-0.24427697291614162
-0.6157858774000661
-2.2594464996115304
-1.1473695389322573
2.6757662946696312
-0.059431414138631636
0.6575344342716661
-1.0109721793173851
0.6249197188739485
0.5732167280543431
-1.7291814918965502
0.2509721742045639
-0.08356699937113102
1.3333943779261823
0.1596035457679546
-1.8162451549310714
1.582213339649332
-3.6430630983993977
0.9501372496191921
1.2582682490664905
-0.37842072945886673
1.6952347921858277
0.674169037409631
-3.9894309639139873
0.7543139777159888
3.748815910075901
1.937515485067426
-2.0245078752908907
1.156092888245919
1.3657910961155781
0.19848139576079432
-1.1637746049320696
-0.6819478787825595
-0.16127229056823852
-0.07322526410911556
1.6422213467893811
-0.5603912193422718
-2.3169942890176145
-0.6643840616347815
1.6700198309052352
-3.784567077244625
-1.2519858750110417
0.28324912141008596
1.6813027333227106
0.8896981885279511
0.05574790976717903
-1.4153369375500813
-1.4421895784308632
-3.1267305171368256
-2.233167820509618
0.028138124585995294
0.9913245267664459
-2.9325153251831266
-2.5984525226283224
1.1308876110206527
-1.750214255690635
-1.1552050418063982
-0.4180672040299809
1.8306141938778921
-1.302966831193124
-2.2000054309637136
-1.8393111630829713
-0.7546981368531795
-1.3444466863629578
-0.9691442564429673
0.1900880317967267
2.4968411949381584
-0.11633576615510696
-1.0835192543203256
0.36781886271713493
-0.7035206179085839
0.49683629526489004
0.39818069377170473
-3.509348203318325
-0.1474202234627857
2.187340552458226
-0.001775727116638397
0.6329874304670658
-0.5087815840449061
-0.7317544924741692
-1.1650498132530673
-0.5304530691269183
1.0214422388818378
0.3583275592300689
0.5360118285810265
-0.13583695863483414
-0.7243990467707018
1.2907375576809732
-1.0224506793554378
-0.5646360677643153
-0.2664914788238847
-1.351310248190172
-1.4519940655286634
-2.279165626020344
-0.30440410230234016
1.4206856253471623
-2.6794866141052553
-0.31787679568086546
-0.17614518915252964
-1.0035026358445718
2.472519644310863
0.6753587003592734
-1.335306839395801
-1.157151017521459
-2.076807962802503
0.760280413598577
2.6190041433974316
-0.8708363590890595
0.9735237249548714
0.044772043703259067
-0.0987216275125765
1.2965627255666208
-0.4473693753917135
-0.047284700539376376
1.0605284094219973
-1.44620892862543
2.4090595049264647
-0.9258624724973592
1.0886136325565179
1.9454929131298175
2.5639981719559497
-2.255764724628465
2.0546049121425316
1.0340597554611257
-0.2573889761786987
0.09627528456906487
-0.181724350820144
-0.5343980536574338
-2.261054491821344
0.34154975807522453
-1.4125261632276667
0.25769033712988976
3.158801956407639
2.086794512528497
-1.3370493074874699
0.7255938712543978
-0.3835752941941295
1.0543904003890894
-1.065413106711408
0.7061166866135312
-0.8706558054980689
0.438978914406178
-0.9861657055094177
1.5450871097673544
-0.8190336023295943
2.8607252091793787
0.2912041789733021
-1.0771806851853092
-0.0003593010360062435
-1.2040430118366854
-0.3443083116971911
-0.43725618043529746
-0.5473147809619997
-0.24449553401793464
1.1781196724231382
0.6049665713158856
1.8122798704455207
-2.4548660206510533
-0.2442585157271252
-1.6527182835317098
0.06905075547622658
0.7117747802504725
-1.2685360582587266
-0.16971910803436766
-3.570103735594972
-0.03565893824196694
-1.5424555608587704
1.3741619879097278
-0.14655993336795564
-0.042104485149722155
0.5706058299361798
-1.119916424881339
-1.3391214048386604
-1.8747499672416632
-0.4305249656805199
-1.4680795284501293
-1.3485301743182478
0.42614632861988255
2.2098103230220434
-2.6564277259746305
0.07918337434364509
0.2845182077437389
-1.6358272136187082
-0.22838537947754317
0.5451137265723223
0.748872516552991
-0.060120099313487274
0.009478693490191066
-0.000628265561911066
-0.04712057979675628
-0.4205169579215261
0.712372174543335
-3.2066677582874608
3.1157169662607536
0.516194461511654
1.2903803795318713
-2.3922212891279533
-0.032886938337813254
2.578506489867282
1.28016417685335
1.15346521417137
-1.401948779754673
-0.8740679193890593
2.343323891234243
1.3702842548939158
0.6706759549613448
0.8597966586222199
1.6187653620719629
-1.2690921037536316
-0.16165394287303506
-0.8632730852090507
0.17943843017009517
-1.0830923189672486
-0.5783541332584857
-1.6936250380900746
0.20109609136444623
2.295302212161177
-2.732412267949065
1.1401666022449968
-2.9177298535252625
1.163939064597723
0.2975216942178579
-0.11502826781498557
-1.2740352197576963
2.3874735046436557
-1.2216972912697488
1.7718810794781392
-1.5267412782276097
0.25789868014141104
1.2186855101136298
-2.2642418285716466
1.0285138711031279
-1.118444890761278
0.5416455121055488
-1.2391008307948925
2.8962344140715235
-2.7446073578624306
0.7440072411057272
-0.34497204705112083
0.262003461594797
0.4429823433567878
2.389107333795396
2.290478992427156
-0.46951168429563295
0.08857649293882408
1.1057043819201917
0.15316442847631756
0.8041203065246108
1.1531253545367148
-1.340474987134373
-1.8449685908509412
-0.5275312654474833
-3.4653375835090303
0.5449610740691987
0.16513024699074547
-0.4949883312263793
1.3531932129873094
1.3204235593008211
3.6355176556480506
1.3452765694527509
0.28779568762030955
-1.326502672697767
-1.532769981845322
-0.6948991234945181
-2.0218344820983996
-1.6369690262018155
-3.5362508496736074
-0.12184570711037723
-0.5014936142577228
0.2194450847675542
0.13838043056522986
-0.9322689880655812
0.33853781630446067
-1.6367225203285662
-3.3210961568809507
0.46632580418940617
1.8904433989842944
-0.3726963540244067
-1.2022280307443758
1.4222954676013437
-1.025224303097295
-1.3680627475637819
-1.3976278974536982
0.13365651403957907
0.6848526527723416
3.4307176073786776
-0.0302922850080117
0.4065173425678743
1.9700279426964489
0.40529278270050745
0.8068025180273127
1.0459188199695544
0.7364863807031128
1.4843276731199961
-1.4885996192381397
-0.8448247763085142
1.5482594049159095
-0.3889067918723269
-0.6676425334780647
-0.10061081135618405
-2.1650399400512814
-1.918847839069843
1.927329576572977
-0.7804087870492218
2.1749570554445423
-0.3482856426683387
0.4670040451664922
0.1090875132527286
2.8342364786747116
0.5892177863378367
-0.478770796761456
-1.353359133786711
0.34723164905721593
4.206437278932688
2.02073347933492
0.392201835998493
0.6405490850686455
-0.449093127291458
1.6027571006601422
-1.6832786593111506
1.8627336074566183
0.15350849063691777
-1.9664588309446223
1.7064266848813148
1.209350522093366
-2.6784004142837583
0.4941968239632848
-0.7897853089762883
-0.61301862925236
1.5513385984924177
-2.01879453436473
0.13665937457483152
0.040577235008415216
-0.1409073400055734
-0.6757366375893987
-0.12389972120818801
1.1631211207128733
1.2586412666146978
-0.334737342857644
1.3489858161574788
-2.3033487133636834
-0.029236645929995156
-0.738961128708588
-0.9016347783562182
0.3792719685528726
-1.9228247460734365
1.8046029384593636
-0.6307469949721516
-0.09757838828207246
-1.3651461146034816
-1.1734120664870549
0.04251490239844629
2.6045631759143255
0.5681989105521239
-0.36956284201770284
-0.8045668794613268
0.10992741132201686
0.21647122160281976
0.1343538604077564
-1.6730361803778073
-2.26438149476774
-0.18967411767057
1.1836840778993065
1.3870799750247211
-1.1122316412667193
-1.4710646256067892
0.32583634844623866
1.1577727711019472
1.596693232021427
1.2792973070474951
-1.1431310249041298
0.7678808817388816
-0.9180041735636939
0.512453437060221
0.06585732718078798
-0.5819625635617781
1.9691409857380253
-2.0739785674359874
-1.6784089657619552
0.32083189863145234
0.48933687603335574
0.053198355730074365
-0.7424854663098907
1.1987558024697245
-0.5660746918188493
-1.177830271939654
-1.1643169959811492
1.4456470159613373
-1.0039014759246698
-0.18924918949718
0.9307669526864415
-1.3351503159329665
0.6789083083263576
-0.4678291240204868
-2.1086741503047906
-0.6425890491558515
-2.0501099678406387
0.7203092675558129
-0.10074560087309477
-0.8409757248827889
0.4597507313379142
-2.2692421827795606
-1.1807898286458072
1.3611471199256995
-0.6650416289105325
-1.6120024303123666
1.8882359040696752
0.9927543409247037
-1.5014471405997936
-1.4691086917309448
-0.6273692929728711
0.023478809058674645
1.5939657465122705
-2.2053847042824755
0.3603265213024459
0.9060455288109578
2.04777941993908
0.28848191255138556
-1.6078003801435057
0.9710568343787427
1.2429188757663188
-1.154273014707241
0.08278202429934989
-2.9578469567619257
0.7112125739411337
0.5865077655189104
0.5281410670945283
0.5531100149856761
1.5690894642294992
-0.15749520173919004
-1.3345635628191652
0.5302125194906867
-1.7434848619867744
-1.6675144954574592
-0.1307290613801938
2.8207345398272756
-1.1882975595004788
1.4715115282000708
1.1616147429586186
0.2272761605816135
-1.6019040208682513
-0.17354538227402633
0.5623267512956713
3.246805496548556
0.9880145000598342
-0.63042646841338
0.07046004233639383
0.26134455274057244
2.4502327988477206
-0.7051924441593892
-1.1152726268283986
2.096220696009074
2.431433162693941
1.8386342426319864
3.71318532782922
-1.1027569571764946
2.0418150711973255
0.5664599692789175
1.3016873613216744
-1.117959143666923
-3.1920306348406475
-2.0424998628547915
-0.36290673895794295
-0.7776565651900216
-0.7044180591239215
1.223339314769264
-1.66328333202061
0.8673499863542897
0.04697650593185472
-0.0705825501337661
-0.15710736898914385
0.07085307192758399
-0.19076490781039152
1.5904078373803756
-0.4952566475702678
-0.6044386824488386
-0.5866066231422512
1.2996892966817635
0.9955955691720453
-1.3990116517510143
1.4557695108520656
-0.8467401726977006
-1.0753647922276923
-0.9662453962854819
0.41019468369856416
1.2553128456361855
-1.7543857046639308
-1.7246759052706002
1.3201225446246765
0.2980964522060912
-1.0978881037184092
0.2825790090354662
3.3893496201655555
-2.385917184444641
1.4126178135488785
0.018284536302829564
-1.362769631549791
-1.146410088859801
-0.1844192218929721
0.3019835430401834
-0.6873628823057758
1.078176031196678
-0.4045530263102919
0.5118904110626715
1.8845560111944195
-0.26345363071249905
-1.1445632828510042
-0.5603299868338394
0.06624720076439533
-0.4183125333909602
-0.19268439779581248
0.8254104671129434
2.0116890470067315
-0.41974602171008935
-1.2834257875993993
0.3554931773249744
2.0372688688427076
1.2659508041429042
-1.9507163734542914
-0.8529541517001249
-0.6743312441793143
-1.0037365851118185
0.49941890893086693
0.5501283595131571
-1.8308175995330256
2.5716277808490156
0.5575278900493458
1.1288190545727854
0.7609060066658797
-0.0785883771505208
1.421939852671416
1.6678376314877852
-1.2647676431745225
0.46868713770027104
-2.875942194162338
-0.2524674070840732
-1.2533183745286254
-0.08812983664914685
0.018802190612884656
1.1754447250765498
1.7715768037742612
1.5302080673326528
-0.05109103651888105
-0.7247004406430733
0.04967883355725389
-0.39255959383840866
0.9687482282925685
-0.7423812729862499
1.632955737790864
1.5907554598714957
-0.43684223818763424
0.1684925090972982
1.5598406768644426
-0.1626682295736872
-0.424790827419107
1.2713368807686374
-0.14284561972663418
-3.7443987684101483
0.013073403259994155
1.5694489140047796
1.6753196950824685
-0.3085972100550733
0.1763266423570871
0.9284514593239807
0.3715427124947413
-1.3223694232542746
-0.6967092517727781
1.8344355515817776
0.6474635509312112
-0.2587815599709524
-0.18607227316926037
-0.029820151596291773
-0.5561498785749077
1.2085945834540817
0.069132731363618
-0.08336023187664582
-1.4558158210724603
1.5308785159597842
-1.3507249245528778
-1.6180720047374066
0.25878930931396554
-0.1145278017273928
2.5862486641458275
0.660697886963585
-1.9410821698029936
-0.4934723095409229
-0.9998106530924322
-1.7912314678587986
-0.21698849546282276
3.4296150627517226
-0.41921446513214045
-1.1009567684878303
-0.16923918683488579
-0.9074398205176462
-2.5736234037952377
0.25541269896794977
0.9826917892714829
0.40866128889716014
-2.1162861144118983
-0.2620243393291587
1.394932213121473
3.3393943795643057
3.0628365843846908
1.0353167278060313
1.0339832009246916
-1.9028816085688804
-0.03583605287483511
1.2950717561663123
-2.294067376214337
-1.7719609394203184
-0.07965780463059866
1.8671232331722103
-1.6427302771322543
-1.5058228699016354
2.616434734049492
0.36756009679778356
-1.4786053401032886
1.8275886319243937
0.8853499926328176
0.24540463212937424
0.41787959976642264
1.9277168393974131
1.4798575638352736
0.11762799916383418
-0.2886035168876101
-1.2691816015121447
1.0072404308041587
-1.4757943965202909
1.7103343860200049
2.205430488916374
3.1339330763629354
-3.337922123113118
0.9199508322050818
-1.8395380298343083
-2.0988292654210783
0.13447970719614083
2.268198589801494
-3.66331554521683
1.7398490102289847
-1.8690189639881571
-1.0224553359655928
0.6976708355228092
-3.1885366621734517
-1.0715107408832671
1.4225352330444694
-0.568852481383189
0.20935672253571053
1.9543585767401908
-0.8092606605759314
-1.4972821591607073
2.6291494592020683
-0.8930680963545011
-2.3516809364363427
3.1476442313548283
0.3592442528729023
1.4401100275781555
0.4030587600183253
-4.613363434642427
-1.4590027140901567
2.1392953140247855
0.4117147763197325
0.41747331324851733
-0.6237977221324855
2.044224204578398
0.44545001307656573
-0.9575445790929515
-0.6660915409976597
-0.7343453118891692
0.14653024335318088
-1.8214070875995938
-1.1235829387811873
0.992256325901842
-3.218824330025401
1.818839836944282
0.6199255348249564
-1.2052677968395955
-1.0692625859787752
0.9898860833206018
0.5621557197189341
-2.956497217582334
0.2855866424955847
-1.0397572367114263
0.6403109847444528
1.3762050372513037
-1.3134626872698303
-0.9944254829296473
-2.0087859678279885
1.064099733001258
-0.22262642702637778
1.658665749929111
0.3675039470525427
1.790496214579771
1.8204158540889424
1.0161499667529397
-0.04860065391137876
-2.6681506895847495
-1.5245587998442436
0.8080875480926781
0.8143616186263906
0.04216117477307047
-1.0407984059308866
-0.3034837292692175
0.1110599937041517
1.3280308045515508
-0.12110784912557762
1.3393270435055862
-1.6546980452517923
-0.3664271851677262
0.25463240085458694
0.7603936599716621
1.5189286934010346
1.5764294799627965
0.6423234887978527
1.0765465678458106
-1.5854842235769597
-1.3451032457271528
0.13820586384394523
-1.180388331026377
-0.3719727155783055
-2.2150750507001997
1.2087648074166786
-2.361278763494368
-0.5561269560522542
-1.365624976121341
0.4714560147273064
0.0766111569334876
1.38762246084005
1.0633872334695564
-0.3459777144346202
0.6482612404468373
0.686043933139577
-0.5125556629226276
0.11745285359080716
